Dataset: dc_4e_cdcl3_kilimanjaro_25c_1d_1H_1_050116.fid
Failed attempts: 2
Percent: 0.00963727861717
SSD: 0.220376159681
Fit params: -1.62809574743 0.385940455518 -0.000156731074738 0.00265296580888 3.40326195422 -0.0141712362376 0.00266976176155 3.43598879271 -0.0139531525389 0.00187544265035 3.26782277711 -8.01083764515e-05 0.00167420448209 3.30054750085 -7.42131160535e-05 0.001600608337 3.53550150712 -6.07086953622e-05 0.00148241801408 3.56819984758 -5.86499141044e-05

Dataset: dc_4e_cdcl3_kilimanjaro_25c_1d_1H_1_050116.fid
Failed attempts: 1
Percent: 0.0097562417587
SSD: 0.212448086174
Fit params: -1.63252778511 0.375836402085 -0.000181797222401 0.00265671167783 3.40326775192 -0.0141269453029 0.00266558335494 3.4359945151 -0.0138947316315 0.00177046884643 3.26784754148 -7.57850304024e-05 0.00187803505635 3.30049233336 -7.92609195225e-05 0.00152624977232 3.53552265046 -5.87529439651e-05 0.00160693826195 3.56817014808 -6.22808616052e-05

Dataset: dc_4e_cdcl3_kilimanjaro_25c_1d_1H_1_050116.fid
Failed attempts: 1
Percent: 0.00851713791353
SSD: 0.235169868777
Fit params: -1.63254058426 0.379663812511 -0.000550222667372 0.00265233760966 3.4032677178 -0.0141233342203 0.00262460863313 3.4359939388 -0.0137943332896 0.00168353158027 3.26783306847 -6.7845817639e-05 0.00162572367123 3.30051329191 -6.67469053723e-05 0.00143159582904 3.53550915897 -5.15787241485e-05 0.0014562918811 3.56817184871 -5.36497676069e-05
