Dataset: dc_4h_cdcl3_kilimanjaro_25c_1d_1H_1_050616.fid
Failed attempts: 0
Percent: 0.0103705335146
SSD: 0.369237269622
Fit params: -1.65423728303 0.558382876965 2.66817801816e-05 0.00256343483127 3.39812498455 -0.0135109364019 0.00255703977025 3.43085285777 -0.0132031838511 0.00170199409088 3.26269353036 -8.31117419203e-05 0.00176075999681 3.29535802528 -8.64736830899e-05 0.00128672631031 3.53039771935 -5.44418185045e-05 0.00127571873208 3.56306641511 -5.59155924464e-05

Dataset: dc_4h_cdcl3_kilimanjaro_25c_1d_1H_1_050616.fid
Failed attempts: 0
Percent: 0.0104983941516
SSD: 0.363377650041
Fit params: -7.93673871743 0.559071555764 0.000101577269908 0.0025638864897 3.39812412644 -0.0135184252657 0.00255752771006 3.4308520067 -0.0132099241023 0.00174791348713 3.26269287198 -8.5871362727e-05 0.00160737492283 3.29537223878 -8.24598622851e-05 0.00132341735729 3.53039507533 -5.63259943955e-05 0.00134555819026 3.5630540987 -5.89246818519e-05

Dataset: dc_4h_cdcl3_kilimanjaro_25c_1d_1H_1_050616.fid
Failed attempts: 0
Percent: 0.0105315660567
SSD: 0.361977010651
Fit params: -1.65313154362 0.558209386179 0.00014264450593 0.00256514665451 3.39812361881 -0.0135190199075 0.00255913982129 3.43085151917 -0.0132108848539 0.00169879852552 3.2626860053 -8.50581099889e-05 0.00160606078572 3.29537342591 -8.31542157752e-05 0.00132467398514 3.53039699979 -5.68434640387e-05 0.00134914989089 3.5630530676 -5.94482408725e-05

