Dataset: dc-919V_cdcl3_kilimanjaro_25c_1d_1H_1_031916.fid
Failed attempts: 0
Percent: 0.00967736780764
SSD: 0.025469947919
Fit params: 3.14808467257 0.480404868744 -2.93237312199e-05 0.00229415739175 3.41150902557 -0.00294109282181 0.00229999941375 3.44423211249 -0.00288919500951 0.00129251620513 3.54372247082 -1.15526481245e-05 0.00134759719966 3.57638418785 -1.21366077267e-05 0.00163197953077 3.27606537425 -1.63724077822e-05 0.00168046632076 3.30872364649 -1.69115266523e-05

Dataset: dc-919V_cdcl3_kilimanjaro_25c_1d_1H_1_031916.fid
Failed attempts: 0
Percent: 0.00998930729411
SSD: 0.0253703777367
Fit params: 3.14951424558 0.480713292739 -2.39843444535e-05 0.00229174184877 3.4115073759 -0.00294021590979 0.00229905333808 3.44423047638 -0.00288890140528 0.00126153682833 3.54372832108 -1.13895605879e-05 0.0013735343138 3.57638388464 -1.23413855989e-05 0.00171531019293 3.27604535988 -1.70405810051e-05 0.00181573407885 3.30870967708 -1.80448518055e-05

Dataset: dc-919V_cdcl3_kilimanjaro_25c_1d_1H_1_031916.fid
Failed attempts: 0
Percent: 0.992062887137
SSD: 0.0481477362529
Fit params: 3.13581419602 2.36334576762 9.67393145668e-05 0.000645427825329 3.27609755345 -2.22410876647e-05 0.000658110857353 3.30886256084 -2.27851527542e-05 0.000628721978663 3.41152625031 -0.00281680156148 0.000631101343846 3.44428116966 -0.00277671627998 0.000603932188041 3.54401517885 -1.68230978369e-05 0.000588744872695 3.57624081572 -1.75067221374e-05

Dataset: dc-919V_cdcl3_kilimanjaro_25c_1d_1H_1_031916.fid
Failed attempts: 2
Percent: 0.00945648399645
SSD: 0.0269541089118
Fit params: 3.14391956642 0.47753362722 -5.34293694897e-05 0.00229308381023 3.41151370213 -0.00293611668288 0.00230117188297 3.44423685796 -0.00288675188909 0.00168569918201 3.27604905009 -1.62073088293e-05 0.0017033422177 3.30871517335 -1.65782325811e-05 0.00126125807687 3.54372652257 -1.11948244671e-05 0.00130095398683 3.57638796854 -1.16091792303e-05

Dataset: dc-919V_cdcl3_kilimanjaro_25c_1d_1H_1_031916.fid
Failed attempts: 0
Percent: 0.00961067568021
SSD: 0.0268022044886
Fit params: 3.14442270927 0.479053337901 -3.65285994453e-05 0.00229278950978 3.41151311926 -0.00293808921734 0.00230085333893 3.44423626945 -0.00288857178489 0.00172419112299 3.27604869399 -1.67372681246e-05 0.00174509974169 3.3087140702 -1.71388208877e-05 0.00129731160504 3.54372461651 -1.16022605563e-05 0.00119837393064 3.57643802851 -1.10632021383e-05

Dataset: dc-919V_cdcl3_kilimanjaro_25c_1d_1H_1_031916.fid
Failed attempts: 0
Percent: 0.00932109867954
SSD: 0.0264664928283
Fit params: 3.14595124936 0.47680206214 -6.06781196143e-05 0.0022932190767 3.41151143262 -0.00293547633665 0.00230068713294 3.44423456472 -0.0028852171529 0.00166548710337 3.27604656668 -1.60270732273e-05 0.0016713522237 3.30871490187 -1.63319331839e-05 0.00124045699871 3.54372532345 -1.09240610414e-05 0.00129792729556 3.57638624057 -1.1482667769e-05

Dataset: dc-919V_cdcl3_kilimanjaro_25c_1d_1H_1_031916.fid
Failed attempts: 0
Percent: 0.00948262880896
SSD: 0.0264874226133
Fit params: 3.14559379769 0.477803506001 -5.1499620023e-05 0.00229328339517 3.41151182667 -0.00293678063311 0.00230062941049 3.44423495616 -0.00288653821067 0.0016791088325 3.27604941842 -1.62457899433e-05 0.00170212556395 3.30871482559 -1.6665009363e-05 0.00124986314835 3.54372573169 -1.10989367906e-05 0.00131686652203 3.57638639893 -1.17392821818e-05

Dataset: dc-919V_cdcl3_kilimanjaro_25c_1d_1H_1_031916.fid
Failed attempts: 0
Percent: 0.00913571091392
SSD: 0.0264892392869
Fit params: 3.14517540278 0.47575996297 -5.63078451345e-05 0.00229405688419 3.41151232698 -0.00293491798947 0.00230162315025 3.4442354706 -0.00288492378967 0.00156444346359 3.27606554969 -1.54321383136e-05 0.00155915124324 3.30873670299 -1.56627817528e-05 0.00122130144155 3.54373082307 -1.08908043535e-05 0.00131221753361 3.57638653363 -1.16728771107e-05

Dataset: dc-919V_cdcl3_kilimanjaro_25c_1d_1H_1_031916.fid
Failed attempts: 0
Percent: 0.00990105022579
SSD: 0.0261129768223
Fit params: 3.14715523957 0.479929798707 -2.57420089231e-05 0.00229295647814 3.41151004931 -0.00293979874484 0.00230004995666 3.4442331642 -0.00288894976635 0.00170256463501 3.27605470523 -1.6849154797e-05 0.0017812077556 3.30871223923 -1.76277361233e-05 0.00129752158375 3.54372321206 -1.16422166732e-05 0.00134891639674 3.57638401383 -1.21687350266e-05

Dataset: dc-919V_cdcl3_kilimanjaro_25c_1d_1H_1_031916.fid
Failed attempts: 0
Percent: 0.00980875962989
SSD: 0.0264231505637
Fit params: 3.14611559667 0.478940060226 -3.03606182908e-05 0.00229375496699 3.41151124669 -0.00293898658562 0.00230120428853 3.44423437854 -0.00288862923595 0.0016644795011 3.2760544897 -1.6495604246e-05 0.00178494019375 3.308712812 -1.75467876276e-05 0.00129395514413 3.54372350946 -1.15959819877e-05 0.00133965256645 3.57638590751 -1.20895482599e-05

