Dataset: dc-919V_cdcl3_kilimanjaro_25c_1d_1H_1_031916.fid
Failed attempts: 0
Percent: 0.0100031741554
SSD: 0.0253917989487
Fit params: 3.14941742481 0.480591771559 -2.35201212545e-05 0.00229269535986 3.41150750328 -0.00294069642905 0.0022989213732 3.44423058495 -0.00288871040828 0.00175901131415 3.27604346299 -1.73152265901e-05 0.00175677356614 3.308713497 -1.7615278519e-05 0.00129061185501 3.54372196612 -1.15742024538e-05 0.00137277355728 3.57638163136 -1.23970689823e-05

Dataset: dc-919V_cdcl3_kilimanjaro_25c_1d_1H_1_031916.fid
Failed attempts: 0
Percent: 0.00960594050414
SSD: 0.0268670987577
Fit params: 3.14411016287 0.477419161636 -4.50978189729e-05 0.00229337256327 3.41151349567 -0.00293638587909 0.00230135657741 3.44423664865 -0.00288690799711 0.00169169778989 3.27604909598 -1.6391960804e-05 0.00170680606905 3.30871609376 -1.67500959106e-05 0.00126449420133 3.54372642121 -1.13094867757e-05 0.00133792636941 3.57638652673 -1.20292218945e-05

Dataset: dc-919V_cdcl3_kilimanjaro_25c_1d_1H_1_031916.fid
Failed attempts: 0
Percent: 0.00963597918534
SSD: 0.026225325856
Fit params: 3.1457241316 0.477876075854 -4.53335981283e-05 0.00229325751836 3.41151167839 -0.00293702629821 0.00230074862663 3.44423481189 -0.00288682012666 0.0016825497229 3.27604779011 -1.63774017895e-05 0.00173275208801 3.30871319422 -1.69881299064e-05 0.0012591853222 3.54372538632 -1.12316347861e-05 0.00134514014479 3.57638488708 -1.2067314203e-05

Dataset: dc-919V_cdcl3_kilimanjaro_25c_1d_1H_1_031916.fid
Failed attempts: 0
Percent: 0.00985626867217
SSD: 0.0259633612024
Fit params: 3.14683172753 0.479394682278 -3.36260898817e-05 0.00229286684569 3.41151041622 -0.00293887728389 0.00229999551843 3.44423353274 -0.00288813893608 0.00172839789339 3.2760462027 -1.68958385263e-05 0.00175797353309 3.3087126175 -1.73764381725e-05 0.00127292210764 3.54372475462 -1.14247168251e-05 0.00136509447724 3.57638345089 -1.2307350294e-05

Dataset: dc-919V_cdcl3_kilimanjaro_25c_1d_1H_1_031916.fid
Failed attempts: 0
Percent: 0.00971202474493
SSD: 0.0256677768247
Fit params: 3.14774045534 0.478522080997 -3.72563843176e-05 0.0022933072363 3.41150941336 -0.00293824463004 0.00230021503354 3.44423252217 -0.00288714719922 0.00164972665405 3.27605344509 -1.63535482699e-05 0.00174752666873 3.30871364562 -1.72835775986e-05 0.00126943994983 3.5437237002 -1.13325335341e-05 0.0013542836513 3.57638328728 -1.21615499106e-05

Dataset: dc-919V_cdcl3_kilimanjaro_25c_1d_1H_1_031916.fid
Failed attempts: 1
Percent: 0.00990422418389
SSD: 0.025626415188
Fit params: 3.14824635993 0.480188842132 -2.98898173339e-05 0.0022926231267 3.41150881865 -0.00293988692286 0.00229944527738 3.44423191906 -0.00288858345746 0.00176041024824 3.276045574 -1.71770471708e-05 0.00174948268608 3.30871488915 -1.74070967557e-05 0.00128767806982 3.54372226783 -1.15051731958e-05 0.00135838212268 3.57638311365 -1.2214615392e-05

Dataset: dc-919V_cdcl3_kilimanjaro_25c_1d_1H_1_031916.fid
Failed attempts: 0
Percent: 0.0100607752923
SSD: 0.0256786926064
Fit params: 3.14802118956 0.481052962388 -2.19289744146e-05 0.00229218590396 3.41150905584 -0.00294073101438 0.00229889305327 3.44423215193 -0.00288940253141 0.00177643489308 3.27604419553 -1.74266208921e-05 0.0017553688907 3.30871515797 -1.75891641691e-05 0.00129561343579 3.54372255741 -1.16756087168e-05 0.00138336658636 3.57638204054 -1.25603886188e-05

Dataset: dc-919V_cdcl3_kilimanjaro_25c_1d_1H_1_031916.fid
Failed attempts: 0
Percent: 0.00966030605531
SSD: 0.0267639254122
Fit params: 3.14349927526 0.477849632658 -4.35314555962e-05 0.00229321532978 3.411514174 -0.00293671820553 0.00230135323388 3.44423733296 -0.00288748486993 0.00168424063247 3.27605001984 -1.63526547609e-05 0.00173159480838 3.3087146483 -1.69256517284e-05 0.00126877731837 3.54372660955 -1.13774912668e-05 0.00134873401993 3.57638650031 -1.21566117447e-05

Dataset: dc-919V_cdcl3_kilimanjaro_25c_1d_1H_1_031916.fid
Failed attempts: 0
Percent: 0.00973903797968
SSD: 0.0266968684232
Fit params: 3.14406378959 0.479393857721 -3.92606346786e-05 0.00229280480275 3.41151351889 -0.00293835207259 0.00230076857336 3.44423666845 -0.0028888413871 0.00171770996441 3.27604864559 -1.66494402867e-05 0.00175162180477 3.30871370482 -1.71338153808e-05 0.00127472221251 3.54372627325 -1.14440838479e-05 0.00134185895764 3.57638619642 -1.20820572956e-05

Dataset: dc-919V_cdcl3_kilimanjaro_25c_1d_1H_1_031916.fid
Failed attempts: 0
Percent: 0.00989978851459
SSD: 0.0261719392637
Fit params: 3.14604032722 0.480744934679 -3.08984048632e-05 0.00229298429072 3.41151129404 -0.00294042694459 0.00230041852004 3.44423442166 -0.00289005521916 0.00173912837229 3.27604653657 -1.69761199674e-05 0.00177992069324 3.30871219915 -1.75267224601e-05 0.00128936799821 3.54372397467 -1.15750271e-05 0.00135333211709 3.57638460414 -1.22198054851e-05

