Dataset: dc_4b_cdcl3_kilimanjaro_25c_1d_1H_5_071116.fid
Failed attempts: 0
Percent: 0.0107377433908
SSD: 0.0253428855262
Fit params: 2.94208586054 0.475071837302 3.45752501469e-05 0.00305838288754 3.38396975013 -0.00380262318829 0.00305234174015 3.41670205189 -0.00370105467075 0.00207955203925 3.2485803684 -2.43877375223e-05 0.00224672557297 3.28120482739 -2.59784628171e-05 0.00148519253887 3.51637538287 -1.4812413657e-05 0.00161142650749 3.54900868226 -1.62685116762e-05

Dataset: dc_4b_cdcl3_kilimanjaro_25c_1d_1H_5_071116.fid
Failed attempts: 0
Percent: 0.0104006936437
SSD: 0.0251117610439
Fit params: 2.94172396913 0.474833567977 3.45479262542e-05 0.00305808808676 3.38397028738 -0.003801990358 0.00305312685752 3.41670260814 -0.00370128919869 0.00186719467126 3.24860104173 -2.26021479995e-05 0.00207937544523 3.28123232265 -2.46852873788e-05 0.00158295751872 3.51635957428 -1.54423234796e-05 0.00158397070145 3.54902148695 -1.61297466926e-05

Dataset: dc_4b_cdcl3_kilimanjaro_25c_1d_1H_5_071116.fid
Failed attempts: 0
Percent: 0.0108358917839
SSD: 0.0257429480726
Fit params: 2.94217998214 0.472769264421 1.91246509436e-05 0.00305764689756 3.3839696197 -0.00379838897007 0.00305321467279 3.4167019496 -0.00369788986376 0.0022725805293 3.24854252229 -2.55105440682e-05 0.00219214402428 3.28120563644 -2.5274315499e-05 0.00158085194589 3.51635472283 -1.51646523046e-05 0.00163444145343 3.54899972882 -1.61691836512e-05

