Dataset: dc_4f_cdcl3_kilimanjaro_25c_1d_1H_2_050216.fid
Failed attempts: 2
Percent: 0.0108288688574
SSD: 1.26421991575
Fit params: -1.58265701469 0.547764726986 0.000318316762364 0.00256975570944 3.39634308975 -0.0166343289808 0.00255477951112 3.4290724345 -0.0161821724296 0.00190891619292 3.26091855101 -0.000116698975852 0.00173316602935 3.29358295289 -0.000111789365418 0.00124645356356 3.52861259579 -6.19115172675e-05 0.00135687507131 3.56126956919 -6.88560668951e-05

Dataset: dc_4f_cdcl3_kilimanjaro_25c_1d_1H_2_050216.fid
Failed attempts: 1
Percent: 0.0105278525144
SSD: 1.2712257825
Fit params: -1.58282233816 0.547734459742 0.000233224712876 0.00256968072891 3.39634329463 -0.0166309712537 0.00255605161871 3.42907268117 -0.0161833238153 0.00180514020407 3.2609302922 -0.000110421441558 0.00185348379291 3.29359548326 -0.000115395822434 0.00116502130769 3.528621328 -5.81221867976e-05 0.00128065605343 3.5612758101 -6.52002998614e-05

Dataset: dc_4f_cdcl3_kilimanjaro_25c_1d_1H_2_050216.fid
Failed attempts: 0
Percent: 0.0109333032972
SSD: 1.27070328048
Fit params: -1.58273987052 0.547969528084 0.000285553368261 0.00256887959124 3.39634317012 -0.0166316025596 0.00255551148038 3.42907255836 -0.0161846552935 0.00184589689005 3.26092984787 -0.000112843084503 0.00200710677318 3.29357390416 -0.000122732333589 0.00119727861238 3.52861861799 -5.97484348927e-05 0.00132705155037 3.56126669038 -6.7432371022e-05

