Dataset: dc_4a_cdcl3_kilimanjaro_25c_1d_1H_2_043016.fid
Failed attempts: 1
Percent: 0.00623301278725
SSD: 1.21892571011
Fit params: -1.63990466945 0.264921083051 -0.00036604238002 0.00308896185563 3.4005075529 -0.0132005529353 0.00309740455059 3.43323999638 -0.0129682279043 0.00237861398699 3.26503776966 -7.303512127e-05 0.00241751129801 3.29769336112 -7.48656098006e-05 0.00187307220816 3.53276300569 -4.96477383403e-05 -0.00148793127321 3.56544503738 3.34150782847e-05

Dataset: dc_4a_cdcl3_kilimanjaro_25c_1d_1H_2_043016.fid
Failed attempts: 1
Percent: 0.0122898505499
SSD: 1.22382503385
Fit params: -1.64254564002 0.272003634706 0.000178017050773 0.00308940094985 3.40051144053 -0.0132499360052 0.00310086446306 3.43324397581 -0.0130270466841 0.00314311061967 3.26502538965 -0.000107054007026 0.00264794248595 3.29771450629 -9.1595305676e-05 0.00222813331358 3.53275733072 -6.66866144672e-05 0.00207372498202 3.56543083057 -6.16225336042e-05

Dataset: dc_4a_cdcl3_kilimanjaro_25c_1d_1H_2_043016.fid
Failed attempts: 1
Percent: 0.00515597613286
SSD: 1.2012714646
Fit params: -1.64664335753 0.224009018642 -0.000574894987868 0.00310350642732 3.40051834432 -0.0130365965549 0.00311526803648 3.43325094228 -0.0128227629198 0.00248743844761 3.26507866175 -7.21730018146e-05 0.00217186386433 3.29771513755 -6.36634307011e-05 0.00184599020715 3.53276708714 -4.65946002728e-05 -0.00188560643759 3.56542360727 4.84097821563e-05

