Dataset: dc_4e_cdcl3_kilimanjaro_25c_1d_1H_5_070916.fid
Failed attempts: 0
Percent: 0.0116266157198
SSD: 0.085186161464
Fit params: 3.1194225967 0.490927314279 6.82329832711e-05 0.0028987214971 3.37837957208 -0.00366363267171 0.00289520442322 3.4111040676 -0.00354158040192 0.00216413973536 3.24303788465 -2.59619509e-05 0.00232815051993 3.27566359785 -2.80897955535e-05 0.00161112771412 3.51081563868 -1.46674320599e-05 0.00168246248808 3.54346140341 -1.60385101485e-05

Dataset: dc_4e_cdcl3_kilimanjaro_25c_1d_1H_5_070916.fid
Failed attempts: 0
Percent: 0.0103123928944
SSD: 0.0880731411181
Fit params: 3.11370260293 0.481634033072 -2.55594940692e-05 0.00289907858583 3.37838786198 -0.00364706154194 0.00290083129857 3.41111257788 -0.00353082643962 0.00209515101299 3.2430479608 -2.3219465949e-05 0.00222803376873 3.27567871345 -2.4877857363e-05 0.00148608843542 3.51082381364 -1.27985285314e-05 0.00153884470737 3.54346598518 -1.38966387224e-05

Dataset: dc_4e_cdcl3_kilimanjaro_25c_1d_1H_5_070916.fid
Failed attempts: 0
Percent: 0.0098776480228
SSD: 0.0952119820836
Fit params: -3.18143968714 0.479994216703 -6.08743998207e-05 0.00290447578697 3.37840501339 -0.00364434464665 0.00290278170665 3.41112962217 -0.00353075878981 0.00210854878002 3.24303160417 -2.20729946439e-05 0.00215494273405 3.27567573282 -2.28824741019e-05 0.00148713695816 3.51083430272 -1.28387344908e-05 0.00152989719003 3.54347576445 -1.37859869601e-05

