Dataset: dc_4b_cdcl3_kilimanjaro_25c_1d_1H_3_071116.fid
Failed attempts: 0
Percent: 0.00970823042448
SSD: 0.0711851901565
Fit params: 2.96484811633 0.518705201717 -4.58206916695e-05 0.00313711552557 3.38347599233 -0.00391864946944 0.00312680869164 3.41620807627 -0.00380368830729 0.00219163763965 3.24806860772 -2.40151983375e-05 0.00233715762838 3.28070130533 -2.56779068701e-05 0.00146687666915 3.51583990735 -1.23220682893e-05 0.00156929253911 3.54848896422 -1.36900245624e-05

Dataset: dc_4b_cdcl3_kilimanjaro_25c_1d_1H_3_071116.fid
Failed attempts: 0
Percent: 0.00964770024201
SSD: 0.0736263120046
Fit params: 2.96218933039 0.519067492759 -5.14600307575e-05 0.00313215414755 3.38347990741 -0.0039152281554 0.003130317784 3.41621225039 -0.00380676278553 0.00232790592551 3.24806045565 -2.47602495624e-05 0.00220069232664 3.2807232155 -2.43130339263e-05 0.00147358224916 3.51584522801 -1.24129396603e-05 0.00156649194066 3.54849107293 -1.37389809402e-05

Dataset: dc_4b_cdcl3_kilimanjaro_25c_1d_1H_3_071116.fid
Failed attempts: 0
Percent: 0.00928764424334
SSD: 0.073032963364
Fit params: 2.96045879882 0.517051573319 -7.57899600087e-05 0.00313525479065 3.38348267019 -0.00391284780738 0.00312950652431 3.41621489403 -0.00380278548676 0.00217832357493 3.24807626933 -2.3082236265e-05 0.00225366713363 3.28070447004 -2.41358936828e-05 0.00142852430646 3.51584444966 -1.18902748598e-05 0.00153377276229 3.54849247448 -1.32234448273e-05

