Dataset: dc_4b_cdcl3_kilimanjaro_25c_1d_1H_4_071116.fid
Failed attempts: 0
Percent: 0.0103172480092
SSD: 0.0160633400483
Fit params: 2.93157308517 0.501241649783 2.93891024255e-05 0.00288740760167 3.38444897387 -0.00366321016085 0.00287953221922 3.41718099969 -0.00356977571256 0.00169648442876 3.24905606105 -2.15655871365e-05 0.00176373711039 3.28170617662 -2.22416228115e-05 0.00139272246221 3.51683782305 -1.55991535038e-05 0.00139045370053 3.5494849552 -1.59960914794e-05

Dataset: dc_4b_cdcl3_kilimanjaro_25c_1d_1H_4_071116.fid
Failed attempts: 0
Percent: 0.0100907656336
SSD: 0.0158884957873
Fit params: 2.93174198793 0.501429827915 3.16583548523e-05 0.00288768353081 3.38444873819 -0.00366376409536 0.00288003396801 3.41718077093 -0.00357037797698 0.00163389973628 3.24908584634 -2.10373041578e-05 0.00158399848279 3.28172888224 -2.06487725834e-05 0.00139381884964 3.5168377138 -1.56325539786e-05 0.00144016254424 3.54947822552 -1.64235162145e-05

Dataset: dc_4b_cdcl3_kilimanjaro_25c_1d_1H_4_071116.fid
Failed attempts: 0
Percent: 0.0101994934136
SSD: 0.0159374870871
Fit params: 2.93168724573 0.501139258411 3.17519867182e-05 0.00288634727199 3.38444880894 -0.00366250809042 0.00288103373288 3.41718086371 -0.00357063984847 0.00174915721116 3.24906126365 -2.2035501757e-05 0.00158322340881 3.28172866949 -2.06400390348e-05 0.00139955484028 3.51683766487 -1.56683572529e-05 0.00140588102722 3.5494850049 -1.61907624966e-05

