Dataset: dc_4d_cdcl3_kilimanjaro_25c_1d_1H_1_050116.fid
Failed attempts: 2
Percent: 0.0126925806064
SSD: 1.79954088487
Fit params: -1.6231917001 0.796717953619 -2.88687467439e-05 0.00277183543798 3.41211800806 -0.0231478345984 0.00275339800592 3.4448409597 -0.022576416605 0.00333640904527 3.27655693417 -0.00022631967423 0.00334662690987 3.30925271731 -0.000210445028551 0.00153755960582 3.54426760259 -7.03103882893e-05 0.00171218446057 3.57693443116 -8.07446018307e-05

Dataset: dc_4d_cdcl3_kilimanjaro_25c_1d_1H_1_050116.fid
Failed attempts: 0
Percent: 0.0131186242749
SSD: 1.67522212911
Fit params: -1.61754611568 0.789157475108 9.33505343426e-05 0.00278200460749 3.41211034016 -0.023136549233 0.00275599791386 3.44483335732 -0.0225174937331 0.00353157939759 3.2765934188 -0.000242341995064 0.00322566456095 3.30924331294 -0.000212369667321 0.00156587651869 3.54426626291 -7.11295168094e-05 0.00171722709293 3.57692878213 -8.1038483379e-05

Dataset: dc_4d_cdcl3_kilimanjaro_25c_1d_1H_1_050116.fid
Failed attempts: 0
Percent: 0.0125746244419
SSD: 1.66754111821
Fit params: -1.61948325054 0.793912079354 -1.59844028973e-05 0.00277554770147 3.41211301433 -0.0231445569305 0.00275466261437 3.44483593842 -0.0225521871297 0.00323000796402 3.27659742046 -0.00022336279153 0.00328394995876 3.30922946 -0.000210300272754 0.00155881592101 3.54426012203 -6.99061887071e-05 0.00167421526738 3.57693031647 -7.83677814416e-05

