Dataset: dc_4f_cdcl3_kilimanjaro_25c_1d_1H_5_070916.fid
Failed attempts: 0
Percent: 0.00811981357914
SSD: 0.0436222121409
Fit params: 2.94340832006 0.457882122724 -0.000134142252312 0.00313665350503 3.37129225486 -0.0038992905632 0.00312444579738 3.40403902987 -0.0037802105386 0.00151673947882 3.23593951924 -1.8878186392e-05 0.00145280130351 3.26860551818 -1.86036935479e-05 0.00115753205167 3.50376532095 -1.23652735321e-05 0.001192309208 3.53641285891 -1.30194287837e-05

Dataset: dc_4f_cdcl3_kilimanjaro_25c_1d_1H_5_070916.fid
Failed attempts: 0
Percent: 0.0083954825646
SSD: 0.0461130802867
Fit params: 2.93865308939 0.463451569378 -0.000113905709895 0.00313424606098 3.37129939332 -0.00390544805654 0.00312218873448 3.40404609896 -0.00378830024889 0.00147183139113 3.23595765912 -1.86649512002e-05 0.00156274967605 3.2685931669 -1.9635259096e-05 0.00117784906149 3.50376785905 -1.29376518685e-05 0.00125608036754 3.53641046503 -1.39017460348e-05

Dataset: dc_4f_cdcl3_kilimanjaro_25c_1d_1H_5_070916.fid
Failed attempts: 0
Percent: 0.00829639261262
SSD: 0.0506031582279
Fit params: 2.93201551676 0.462515821682 -0.000127568963753 0.00313217321266 3.37130949878 -0.00390070101531 0.00312524321083 3.40405628932 -0.00378965436456 0.00148420695042 3.23594794445 -1.83444447556e-05 0.00153742461867 3.26859150953 -1.89381006511e-05 0.00119619516265 3.50377149869 -1.31630434171e-05 0.00125080692247 3.53641361532 -1.38903751544e-05

