Dataset: dc_4c_cdcl3_kilimanjaro_25c_1d_1H_2_050116.fid
Failed attempts: 0
Percent: 0.00948855174483
SSD: 0.424443243091
Fit params: -1.63842558147 0.314096254827 -0.000261720521506 0.00279859293943 3.40426457186 -0.013742378019 0.00280037363499 3.43699640568 -0.0134844694409 0.00204478332669 3.26881503899 -7.67337555603e-05 0.00208294088179 3.30147964006 -7.90362738944e-05 0.00156727381956 3.5365198767 -5.12402006599e-05 0.00162247074097 3.56918173259 -5.38079072496e-05

Dataset: dc_4c_cdcl3_kilimanjaro_25c_1d_1H_2_050116.fid
Failed attempts: 0
Percent: 0.00975393490784
SSD: 0.423931468252
Fit params: -1.63779404465 0.313222286948 -0.000193907801635 0.00279866013285 3.40426371773 -0.0137409709636 0.00280321271979 3.43699558824 -0.0134890669689 0.00204954101154 3.26882589548 -7.81587226676e-05 0.00213758455198 3.30147728655 -8.16872334384e-05 0.00158893310619 3.53651637085 -5.24840843619e-05 0.00166192935829 3.56917823156 -5.58861402308e-05

Dataset: dc_4c_cdcl3_kilimanjaro_25c_1d_1H_2_050116.fid
Failed attempts: 0
Percent: 0.00972211004059
SSD: 0.425626183122
Fit params: -1.63821087698 0.314612848482 -0.000208760872726 0.00279802981754 3.40426427307 -0.0137452843101 0.00280190453681 3.43699613689 -0.0134921293969 0.00209557819201 3.26881524961 -7.89356548016e-05 0.00212307265473 3.30147810653 -8.1004252148e-05 0.00159825893768 3.53651614888 -5.24993827443e-05 0.0016413015066 3.56917967209 -5.49655831861e-05

