Dataset: dc_4a_cdcl3_kilimanjaro_25c_1d_1H_1_043016.fid
Failed attempts: 0
Percent: 0.00956290935797
SSD: 1.15535851802
Fit params: -1.62641169675 0.249981933192 -0.000355190339894 0.00308445773813 3.4010037482 -0.0143120625267 0.00309014473429 3.43373655616 -0.0140492723535 0.00241619354121 3.26553961377 -8.18494581857e-05 0.00231323486869 3.29821421841 -8.07308045032e-05 0.00186272570407 3.53326137542 -5.41897357978e-05 0.00191320679553 3.56591503065 -5.70655406836e-05

Dataset: dc_4a_cdcl3_kilimanjaro_25c_1d_1H_1_043016.fid
Failed attempts: 0
Percent: 0.00958848807646
SSD: 1.15197132683
Fit params: -1.62569158819 0.250448117346 -0.0003364995215 0.00308416399255 3.40100266397 -0.0143148013563 0.00308918701402 3.43373545477 -0.0140494197082 0.00232062022881 3.26555481796 -8.03799927598e-05 0.0023806643345 3.29820132468 -8.28179624545e-05 0.00186655667145 3.53326235634 -5.4473366452e-05 0.00191307853096 3.56591323286 -5.69317016235e-05

Dataset: dc_4a_cdcl3_kilimanjaro_25c_1d_1H_1_043016.fid
Failed attempts: 0
Percent: 0.00958885805983
SSD: 1.15354750261
Fit params: -1.62600813483 0.248313570999 -0.000367205946705 0.00308459114354 3.40100316004 -0.0143041764996 0.00309009006216 3.4337359634 -0.0140404991858 0.00235351749752 3.26554523162 -8.03163802181e-05 0.00239949319145 3.29820701222 -8.24227548345e-05 0.00191164072471 3.53326358058 -5.47877241511e-05 0.00191528130756 3.5659129812 -5.68976301729e-05

