Dataset: dc_4f_cdcl3_kilimanjaro_25c_1d_1H_1_050216.fid
Failed attempts: 2
Percent: 0.0109658348302
SSD: 1.29419142306
Fit params: -1.58293689265 0.536475784199 0.000154671641879 0.00258354228967 3.3968193193 -0.0166456500309 0.00256725484994 3.42954816288 -0.0161940086594 0.00213055391836 3.26137310657 -0.000122286917581 0.00196534168536 3.29404979927 -0.000118841428858 0.00123598069358 3.52910584249 -5.83525581203e-05 0.00133271350016 3.56175251266 -6.46261058544e-05

Dataset: dc_4f_cdcl3_kilimanjaro_25c_1d_1H_1_050216.fid
Failed attempts: 0
Percent: 0.0114920247156
SSD: 1.27415152539
Fit params: -1.58292592598 0.537557713794 0.00028351257435 0.00258316786399 3.39681969634 -0.0166551634596 0.00256970630558 3.42954821435 -0.0162125363676 0.00188409518746 3.26128666648 -0.000122281186948 0.00199882000516 3.29389728381 -0.000135913476615 0.00124814405646 3.52910800974 -6.02703731335e-05 0.00128429239369 3.56177641331 -6.36425721474e-05

Dataset: dc_4f_cdcl3_kilimanjaro_25c_1d_1H_1_050216.fid
Failed attempts: 1
Percent: 0.0104346867417
SSD: 1.27473280192
Fit params: -1.58237915228 0.538267056394 0.000304977073122 0.00258166796538 3.39681853684 -0.016656012623 0.00256636306722 3.42954740485 -0.016206275045 0.0017052025033 3.26138202544 -0.000106530854019 0.00175537221462 3.29407518888 -0.000111658542977 0.00133380787674 3.52909488372 -6.32567331502e-05 0.00130315819551 3.56176678304 -6.50774118954e-05

