Dataset: dc_4f_cdcl3_kilimanjaro_25c_1d_1H_3_070916.fid
Failed attempts: 0
Percent: 0.00859342084858
SSD: 0.0738132982801
Fit params: 2.93316187306 0.483745215958 -0.000117861555875 0.00322921200431 3.37083415198 -0.00401551940923 0.00321528329132 3.40358104847 -0.00388824094066 0.0017615510103 3.23546997982 -2.06402201744e-05 0.00188897294375 3.26807951787 -2.24227383401e-05 0.00125769355823 3.50328276462 -1.22027280064e-05 0.00131614286834 3.53592583089 -1.324337969e-05

Dataset: dc_4f_cdcl3_kilimanjaro_25c_1d_1H_3_070916.fid
Failed attempts: 0
Percent: 0.00843349220438
SSD: 0.0720506369798
Fit params: 2.93805247011 0.486190795858 -0.000115286593119 0.0032271758731 3.37082636433 -0.00401917304391 0.00321016029436 3.40357316066 -0.00388763983082 0.00178632008224 3.23546640533 -2.11001578258e-05 0.00174625033199 3.2681294031 -2.12104329842e-05 0.00123150646424 3.50327958426 -1.18747118551e-05 0.00130887825915 3.53592416237 -1.30638875973e-05

Dataset: dc_4f_cdcl3_kilimanjaro_25c_1d_1H_3_070916.fid
Failed attempts: 0
Percent: 0.00846697239462
SSD: 0.0745842512251
Fit params: 2.93338161425 0.484931757861 -0.000113935727808 0.00322884423131 3.37083377309 -0.00401726183466 0.00321347839083 3.40358061044 -0.00388895143495 0.00169123725181 3.23548480306 -2.01626518272e-05 0.00186697423565 3.26810504526 -2.1940885966e-05 0.00125771459941 3.5032828385 -1.2250257084e-05 0.00129761338859 3.53593017502 -1.31595280642e-05

