Dataset: dc_4f_cdcl3_kilimanjaro_25c_1d_1H_4_070916.fid
Failed attempts: 0
Percent: 0.00725409525447
SSD: 0.0410644742508
Fit params: 2.80260185149 0.445828012992 -0.000210971665492 0.00309777145884 3.37152558012 -0.00390488101008 0.00308875190607 3.40427142815 -0.00379787684354 0.00128809784892 3.23617265326 -1.60025071312e-05 0.00120508804109 3.26882000528 -1.57131349595e-05 0.00102467073863 3.5039862713 -1.21283133805e-05 0.00101140176626 3.53664945356 -1.24408792736e-05

Dataset: dc_4f_cdcl3_kilimanjaro_25c_1d_1H_4_070916.fid
Failed attempts: 0
Percent: 0.00758890396088
SSD: 0.0397116710016
Fit params: 2.80709776019 0.450002029376 -0.000175160391644 0.00309545747681 3.37151873325 -0.00391146170388 0.00308743961401 3.40426461556 -0.00380324085371 0.001319359354 3.23617114161 -1.6859487285e-05 0.00125845966949 3.26881708894 -1.67723204149e-05 0.00104083619539 3.50398360351 -1.24725982539e-05 0.00103533658752 3.5366470473 -1.28894293932e-05

Dataset: dc_4f_cdcl3_kilimanjaro_25c_1d_1H_4_070916.fid
Failed attempts: 0
Percent: 0.00733951701145
SSD: 0.0349640877408
Fit params: 2.81062175747 0.445436260694 -0.000190104192092 0.00309985129841 3.37151348951 -0.00390842407255 0.00308676414889 3.40425934891 -0.0037952755368 0.00131709985736 3.23616906026 -1.67326200822e-05 0.00114932323463 3.26883822331 -1.57154763437e-05 0.00101553601767 3.50398234907 -1.19857236251e-05 0.00102049632434 3.53664649168 -1.25256694248e-05

