Dataset: dc_4e_cdcl3_kilimanjaro_25c_1d_1H_4_070916.fid
Failed attempts: 0
Percent: 0.0092546389217
SSD: 0.0593248858032
Fit params: 2.98899349045 0.534231524031 -7.06271657004e-05 0.00267839743705 3.3790181522 -0.00339915107976 0.00267267347477 3.4117434244 -0.00329149151344 0.00155453567852 3.24367104786 -1.86511970151e-05 0.00161011584448 3.27632013949 -1.94574192274e-05 0.00116671148041 3.51145626545 -1.18681365108e-05 0.00118916598028 3.54410164472 -1.25211238825e-05

Dataset: dc_4e_cdcl3_kilimanjaro_25c_1d_1H_4_070916.fid
Failed attempts: 0
Percent: 0.00934114288216
SSD: 0.0614895997033
Fit params: 2.98479485471 0.534923192814 -5.93023408776e-05 0.00267673533595 3.37902358258 -0.00339841074431 0.00267316771952 3.41174891327 -0.00329365251873 0.00163239953818 3.2436695879 -1.92859450772e-05 0.00150029728492 3.27633703165 -1.85414719614e-05 0.00118538064439 3.51145772625 -1.22640634392e-05 0.00122031891357 3.54410399985 -1.30094736673e-05

Dataset: dc_4e_cdcl3_kilimanjaro_25c_1d_1H_4_070916.fid
Failed attempts: 0
Percent: 0.00907729368003
SSD: 0.0604804522265
Fit params: 2.98566733969 0.532535087756 -8.4513256061e-05 0.00267854594819 3.37902253136 -0.00339597798093 0.00267460955312 3.41174786048 -0.00329064723145 0.00154773157702 3.24367634822 -1.82714096814e-05 0.00157322970508 3.27632178471 -1.8807017236e-05 0.00114755888099 3.51145747386 -1.16892641077e-05 0.00119176770075 3.54410435576 -1.24847763912e-05

