Dataset: dc_4e_cdcl3_kilimanjaro_25c_1d_1H_3_070916.fid
Failed attempts: 0
Percent: 0.0110692730262
SSD: 0.217328736477
Fit params: -3.30674198152 0.583902466542 -3.39905322511e-05 0.00295729649171 3.3776494591 -0.00386384299767 0.00307555707436 3.41037724355 -0.00379580063055 0.00291213438152 3.2422932485 -3.15362020205e-05 0.00306086532521 3.27494491895 -3.43357963508e-05 0.00138046702288 3.51004486345 -9.12539722988e-06 0.00152868628148 3.54268421208 -1.07383230812e-05

Dataset: dc_4e_cdcl3_kilimanjaro_25c_1d_1H_3_070916.fid
Failed attempts: 0
Percent: 0.0124119294884
SSD: 0.209295802089
Fit params: -3.3125201562 0.571575993364 4.67334194174e-05 0.00310274461293 3.3776665558 -0.0039424818878 0.00309363171241 3.410387584 -0.00379368912285 0.00304157081102 3.24230427841 -3.42121570304e-05 0.00324544300868 3.27495052053 -3.74137874165e-05 0.00162852806638 3.51004368125 -1.17356603923e-05 0.0017955709797 3.54270002115 -1.38659862605e-05

Dataset: dc_4e_cdcl3_kilimanjaro_25c_1d_1H_3_070916.fid
Failed attempts: 0
Percent: 0.0133118886716
SSD: 0.21355598434
Fit params: -3.30856755061 0.594912025058 7.94771673748e-05 0.00309432675479 3.37765921733 -0.00397431859266 0.00307185140881 3.41037941614 -0.00381352670215 0.00336517335694 3.24231243266 -3.83774293727e-05 0.00331331895641 3.27495100789 -3.97165498302e-05 0.00167012827116 3.51004108595 -1.23365165122e-05 0.0018431091191 3.54269742065 -1.46391087179e-05

