Dataset: dc_4a_cdcl3_kilimanjaro_25c_1d_1H_3_070916.fid
Failed attempts: 0
Percent: 0.00806038573559
SSD: 0.0985347441359
Fit params: -3.29451824487 0.620635475554 -0.00013671785137 0.00256859332331 3.37118032027 -0.00335193212634 0.00255699797974 3.40389452452 -0.00323477084347 0.00149874584397 3.23582461685 -1.71059543668e-05 0.00160061958723 3.2684592856 -1.8319414098e-05 0.000953052288193 3.50361994843 -8.57907829107e-06 0.0010251362121 3.53626155532 -9.51833416638e-06

Dataset: dc_4a_cdcl3_kilimanjaro_25c_1d_1H_3_070916.fid
Failed attempts: 2
Percent: 0.00895694442414
SSD: 0.0952154351392
Fit params: -3.2838386386 0.613961609889 -7.47467810349e-05 0.00257658161781 3.37116723566 -0.00335297147193 0.00256153875274 3.40388142807 -0.00323013534013 0.00167154768439 3.23580147974 -1.96890458015e-05 0.00170453351219 3.26845128471 -2.05263630319e-05 0.00100603880318 3.50361110841 -9.15856574016e-06 0.00106289649379 3.53625779957 -1.01234625177e-05

Dataset: dc_4a_cdcl3_kilimanjaro_25c_1d_1H_3_070916.fid
Failed attempts: 0
Percent: 0.00860598505054
SSD: 0.0975456525642
Fit params: -3.28716999205 0.624450126462 -0.000103806212242 0.00256746151298 3.37117096008 -0.0033585836553 0.00255264473076 3.4038850683 -0.00323670805675 0.00165617391903 3.23580847983 -1.90750342338e-05 0.00164571816801 3.26845239159 -1.95231837668e-05 0.000978892845101 3.50361339969 -8.84655756679e-06 0.00104348853417 3.53625713839 -9.80691349061e-06

