Dataset: dc_4a_cdcl3_kilimanjaro_25c_1d_1H_5_070916.fid
Failed attempts: 0
Percent: 0.00983344326498
SSD: 0.0730714363392
Fit params: -3.23485901266 0.504868103406 -3.3117719273e-05 0.00272507385802 3.37162867452 -0.00339490628596 0.00271832823366 3.40434650933 -0.00328175846171 0.0018146048925 3.23627491549 -2.05044331721e-05 0.00196625363409 3.26890540359 -2.21000879239e-05 0.00129000585141 3.50408974338 -1.13311601807e-05 0.00135739996912 3.53673060119 -1.2370945168e-05

Dataset: dc_4a_cdcl3_kilimanjaro_25c_1d_1H_5_070916.fid
Failed attempts: 0
Percent: 0.00961245923606
SSD: 0.0723282890862
Fit params: -3.24169979335 0.505042770538 -3.84801136928e-05 0.00272444918003 3.37163774563 -0.00339324971348 0.00272135381299 3.40435569825 -0.00328467148586 0.00175286575289 3.23630526609 -1.96675254416e-05 0.00186903999767 3.26893661688 -2.09547505631e-05 0.00131015435202 3.50409426855 -1.16452585051e-05 0.0013633973305 3.53673411155 -1.25467353272e-05

Dataset: dc_4a_cdcl3_kilimanjaro_25c_1d_1H_5_070916.fid
Failed attempts: 0
Percent: 0.0105224469319
SSD: 0.0698556845884
Fit params: -3.23270375942 0.510813032967 2.00850250971e-05 0.00272207221503 3.37162562285 -0.00340267162404 0.002717061826 3.4043435137 -0.00328963792435 0.00196006091642 3.23628130435 -2.26711491692e-05 0.00192563038491 3.26892561204 -2.29183281228e-05 0.00133004491707 3.5040937221 -1.21746361835e-05 0.00141692976762 3.53672863543 -1.34042236499e-05

