Dataset: dc_4a_cdcl3_kilimanjaro_25c_1d_1H_4_070916.fid
Failed attempts: 0
Percent: 0.00992430133518
SSD: 0.0918091392267
Fit params: -9.45610408071 0.394474731367 -4.02681074016e-05 0.00290257706571 3.37206731691 -0.0036268807638 0.002910690213 3.40478656281 -0.00352062779031 0.00206228081056 3.23669426606 -2.19758293771e-05 0.00206211055545 3.26934340089 -2.23555075981e-05 0.00153051827902 3.50453386423 -1.32819197625e-05 0.00155161357677 3.53718175949 -1.40317990721e-05

Dataset: dc_4a_cdcl3_kilimanjaro_25c_1d_1H_4_070916.fid
Failed attempts: 0
Percent: 0.00910017445775
SSD: 0.0914270902257
Fit params: -47.1610073214 0.3879267214 -0.000103679443605 0.00290581182022 3.37207563802 -0.00361711714866 0.00291450276684 3.40479499553 -0.00351351435964 0.0021008986775 3.23672210762 -2.08454360074e-05 0.00184769766787 3.26937283068 -1.93476678815e-05 0.00146088780747 3.50454230131 -1.22599959671e-05 0.00150182759531 3.53718252983 -1.30328241969e-05

Dataset: dc_4a_cdcl3_kilimanjaro_25c_1d_1H_4_070916.fid
Failed attempts: 0
Percent: 0.0102591047624
SSD: 0.0847977775368
Fit params: -3.16552968514 0.397713473147 -1.13498359997e-05 0.00290338842553 3.37205685613 -0.00363393552669 0.00290811509151 3.40477597377 -0.00352269810799 0.00200130065709 3.23671119476 -2.23732603291e-05 0.00214211600001 3.26933503308 -2.39185792277e-05 0.00158863516456 3.50453687619 -1.36890443805e-05 0.0015587074107 3.5371768365 -1.42008080161e-05

