Dataset: dc_4b_cdcl3_kilimanjaro_25c_1d_1H_2_043016.fid
Failed attempts: 0
Percent: 0.0104227529692
SSD: 0.817194859384
Fit params: -1.59817720314 0.424609652547 -2.595584453e-05 0.00248387430969 3.41226146903 -0.0149146444531 0.00248958079598 3.4449837368 -0.014651707098 0.0021095846972 3.27678800805 -9.56260449516e-05 0.00197552153344 3.30946466828 -9.32491370963e-05 0.00154563049472 3.54445346843 -5.93545282683e-05 0.00160798635117 3.57712303775 -6.31788020999e-05

Dataset: dc_4b_cdcl3_kilimanjaro_25c_1d_1H_2_043016.fid
Failed attempts: 0
Percent: 0.0105880634638
SSD: 0.822001311095
Fit params: -1.59885255743 0.424045811055 -1.28567349173e-05 0.00248454013189 3.41226230662 -0.0149134768038 0.00248792474332 3.44498451843 -0.0146444507625 0.00207411294057 3.27677990736 -9.4554663272e-05 0.00213217837218 3.30947642062 -9.81151358015e-05 0.00154803075243 3.54445229785 -5.96668589089e-05 0.00162085409249 3.57712275797 -6.39736687629e-05

Dataset: dc_4b_cdcl3_kilimanjaro_25c_1d_1H_2_043016.fid
Failed attempts: 0
Percent: 0.0104491725149
SSD: 0.818985007402
Fit params: -1.59773709764 0.424297944571 -7.78436305346e-06 0.00248409978516 3.41226094649 -0.0149144557401 0.00249175923822 3.44498326469 -0.0146566832082 0.00205932546537 3.27677866349 -9.45379174813e-05 0.00205195169972 3.30947350869 -9.60665062722e-05 0.00152903912222 3.54445280426 -5.9184181673e-05 0.00159036700246 3.57712274374 -6.24681516313e-05

