Dataset: dc_4c_cdcl3_kilimanjaro_25c_1d_1H_1_043016.fid
Failed attempts: 0
Percent: 0.00910566254915
SSD: 0.368791891243
Fit params: -1.66434981922 0.269053658372 -0.000304216479602 0.00290955128864 3.40477399398 -0.0125223897416 0.00292082157643 3.43750726783 -0.0123329945952 0.00201675078256 3.26933273406 -6.275370553e-05 0.00203204399095 3.30199075685 -6.35530396024e-05 0.00176876997992 3.5370223177 -5.09060682439e-05 0.00173898842175 3.56969416045 -5.11917033788e-05

Dataset: dc_4c_cdcl3_kilimanjaro_25c_1d_1H_1_043016.fid
Failed attempts: 0
Percent: 0.00912592079218
SSD: 0.369139094518
Fit params: -1.66442614698 0.268383345431 -0.000307415938149 0.00290998735375 3.40477409824 -0.0125204184978 0.00292175822823 3.43750736794 -0.0123322225136 0.00201935179185 3.26933270678 -6.27177075045e-05 0.00202692992885 3.30199118985 -6.33925212079e-05 0.0017246094418 3.53702363909 -5.01720986874e-05 0.0017983998995 3.56968550424 -5.26097569786e-05

Dataset: dc_4c_cdcl3_kilimanjaro_25c_1d_1H_1_043016.fid
Failed attempts: 0
Percent: 0.00917535641633
SSD: 0.368214912009
Fit params: -1.66425300196 0.269010585216 -0.000293241213528 0.00290997217999 3.40477385642 -0.012523588778 0.00292106370874 3.43750713043 -0.012333606591 0.00198331364928 3.26934100634 -6.2324133516e-05 0.00203712736388 3.30199047848 -6.38846802987e-05 0.00177911228696 3.53702148777 -5.12345511006e-05 0.00180009603531 3.56968523902 -5.27422976008e-05

