Dataset: dc_4h_cdcl3_kilimanjaro_25c_1d_1H_2_050616.fid
Failed attempts: 0
Percent: 0.0105291890244
SSD: 0.522570690708
Fit params: -1.63413202192 0.576252973097 8.12729044565e-05 0.00254471814932 3.39768275792 -0.0146137671343 0.0025354345474 3.43041102546 -0.0142607080726 0.00169083254309 3.2622718094 -9.17649647693e-05 0.00171821658468 3.29490510494 -9.49269347279e-05 0.00127552424424 3.52995998877 -5.85315849424e-05 0.00131032856959 3.56261518887 -6.20365216795e-05

Dataset: dc_4h_cdcl3_kilimanjaro_25c_1d_1H_2_050616.fid
Failed attempts: 0
Percent: 0.0106108277732
SSD: 0.518026043759
Fit params: -1.63398097672 0.576802154083 0.000177307614911 0.00254552819823 3.39768257797 -0.014622666948 0.00253579932652 3.4304108428 -0.0142679931755 0.0015200718209 3.26225450645 -8.69487665269e-05 0.00181236059466 3.2949127005 -0.000100079091626 0.00125944854068 3.52996702843 -5.92572862611e-05 0.00132779182473 3.56261538797 -6.35563491354e-05

Dataset: dc_4h_cdcl3_kilimanjaro_25c_1d_1H_2_050616.fid
Failed attempts: 0
Percent: 0.010797953889
SSD: 0.520924578474
Fit params: -7.91711455365 0.577975243431 0.000162382958888 0.00254421415278 3.39768248649 -0.0146255422184 0.00253562833028 3.43041076579 -0.0142733353443 0.00170294264095 3.26224375261 -9.37922582506e-05 0.00180363973657 3.29491260686 -9.95561698886e-05 0.00126372351615 3.52996623401 -5.9180334552e-05 0.0013172373176 3.56261548009 -6.29262533913e-05

