Dataset: dc_4b_cdcl3_kilimanjaro_25c_1d_1H_1_043016.fid
Failed attempts: 0
Percent: 0.0107871584453
SSD: 1.13277210984
Fit params: -1.58168934349 0.503809785611 0.000125843983862 0.00233230169094 3.4126915828 -0.0162369093549 0.00232942529829 3.4454142182 -0.0158890739882 0.00195489043297 3.27724433525 -0.000110847290834 0.00199892281387 3.30991424667 -0.000115773769277 0.00128741594191 3.54488631056 -6.01163946191e-05 0.00131707719587 3.5775756231 -6.35896518094e-05

Dataset: dc_4b_cdcl3_kilimanjaro_25c_1d_1H_1_043016.fid
Failed attempts: 1
Percent: 0.00312919046814
SSD: 1.13447152309
Fit params: -1.58116022507 0.502467162236 0.000116456446039 0.00233465581205 3.41269105294 -0.0162372617791 0.00233016047554 3.44541365172 -0.0158830657445 0.00197163761422 3.27724341579 -0.000111224700289 0.00201090929612 3.30991323267 -0.000116051684533 -0.00130239898389 3.54488425284 6.02543763015e-05 -0.00139596584842 3.57755470602 6.61958816453e-05

Dataset: dc_4b_cdcl3_kilimanjaro_25c_1d_1H_1_043016.fid
Failed attempts: 0
Percent: 0.00687304788391
SSD: 1.13675632106
Fit params: -1.58119647274 0.503258494189 0.000100233753061 0.00233310656786 3.41269104849 -0.0162362398594 0.0023301212726 3.44541368163 -0.0158872048486 0.00193068896435 3.27725204983 -0.00010927385125 0.00211501259234 3.30989463751 -0.000119765744297 0.00126517304977 3.54488589843 -5.90968666672e-05 -0.00139012727996 3.57755476698 6.582251413e-05

