Dataset: dc_4e_cdcl3_kilimanjaro_25c_1d_1H_2_050116.fid
Failed attempts: 0
Percent: 0.00875344532223
SSD: 0.244926239117
Fit params: -1.64645004701 0.343954639146 -0.000167442633289 0.0028046113112 3.40283051146 -0.0140059063205 0.00282219581351 3.43555712705 -0.0138118908468 0.0018580948841 3.26741373723 -7.17995405463e-05 0.00156357731405 3.30013454573 -6.35542769774e-05 0.00145401404627 3.53516130107 -5.50807454007e-05 0.00144441885839 3.56783569929 -5.52173037473e-05

Dataset: dc_4e_cdcl3_kilimanjaro_25c_1d_1H_2_050116.fid
Failed attempts: 0
Percent: 0.0087757765013
SSD: 0.246952526707
Fit params: -1.64706409545 0.344062873821 -0.000227450882752 0.00280492977537 3.40283134697 -0.0140049469104 0.00282073039926 3.43555796041 -0.0138074566306 0.00164754174733 3.26746705848 -6.48519584641e-05 0.00180056012129 3.30008062947 -6.95078210483e-05 0.00141712410158 3.53516398044 -5.35205352633e-05 0.00157867219619 3.56778491449 -5.83560378605e-05

Dataset: dc_4e_cdcl3_kilimanjaro_25c_1d_1H_2_050116.fid
Failed attempts: 0
Percent: 0.00931806583634
SSD: 0.250054978938
Fit params: -1.64679369801 0.344362508539 -0.000177437091912 0.00280490098964 3.40283097974 -0.0140080392257 0.00282140070849 3.43555759289 -0.0138120178606 0.00185099431987 3.26741423957 -7.14085091401e-05 0.00179303233947 3.30007788004 -7.01700546959e-05 0.00162816438064 3.53510860444 -6.00292364895e-05 0.00160654475412 3.56778230677 -6.00595568366e-05

