Dataset: dc-919V_cdcl3_kilimanjaro_25c_1d_1H_1_031916.fid
Failed attempts: 0
Percent: 0.00935481452723
SSD: 0.0285615110633
Fit params: 3.13741676501 0.474610051326 -5.75898491777e-05 0.00229462181289 3.41152105099 -0.00293293082768 0.00230452287772 3.44424429723 -0.00288638398619 0.00162720316206 3.27605482831 -1.55902546822e-05 0.00164101615896 3.30872152973 -1.58883108119e-05 0.00126447181229 3.54373078893 -1.13592413549e-05 0.00134465556317 3.5763909063 -1.21148760668e-05

Dataset: dc-919V_cdcl3_kilimanjaro_25c_1d_1H_1_031916.fid
Failed attempts: 0
Percent: 0.00930779265611
SSD: 0.0287783270702
Fit params: 3.13671565951 0.475019301082 -5.78231507427e-05 0.00229394595581 3.41152182034 -0.00293285223027 0.0023040599247 3.44424507192 -0.00288661866369 0.00162539357638 3.2760551815 -1.55528266537e-05 0.00163609268864 3.30872213463 -1.58248221233e-05 0.00126750497167 3.543731094 -1.13968785185e-05 0.00132503182133 3.57639202688 -1.19008078366e-05

Dataset: dc-919V_cdcl3_kilimanjaro_25c_1d_1H_1_031916.fid
Failed attempts: 0
Percent: 0.00920280593167
SSD: 0.0286931819117
Fit params: 3.13706102436 0.474681130018 -6.33366603855e-05 0.0022939309506 3.4115214357 -0.00293235277876 0.00230390350521 3.44424468177 -0.00288594752216 0.00161117913301 3.27605542245 -1.53920149255e-05 0.00162204666948 3.30872217515 -1.56672617988e-05 0.0012528488673 3.5437314072 -1.12323772505e-05 0.00131387585905 3.57639235628 -1.17503728316e-05

Dataset: dc-919V_cdcl3_kilimanjaro_25c_1d_1H_1_031916.fid
Failed attempts: 0
Percent: 0.00935652939913
SSD: 0.0270356827822
Fit params: 3.14248000898 0.477560276095 -5.91618575318e-05 0.00229180173317 3.41151529207 -0.00293496077812 0.00230276619333 3.44423851809 -0.00288779785944 0.00165589713471 3.27605085287 -1.58954936314e-05 0.0016849273987 3.30871658969 -1.63315340671e-05 0.00124542236188 3.54372818671 -1.10731304979e-05 0.00131144328073 3.57638822715 -1.16952200533e-05

Dataset: dc-919V_cdcl3_kilimanjaro_25c_1d_1H_1_031916.fid
Failed attempts: 0
Percent: 0.497459323732
SSD: 0.0251773700197
Fit params: 3.15038337134 0.47759242623 -4.60295439524e-05 0.00174822362177 3.27604228182 -1.7029969394e-05 0.00229379023056 3.41150646478 -0.00293766401313 0.0022993447483 3.44422953587 -0.00288504873574 0.00178332218178 3.30870805651 -1.75727595383e-05 0.00121026323991 3.54372517164 -1.07571024261e-05 0.00128266162505 3.57638457799 -1.14395111454e-05

Dataset: dc-919V_cdcl3_kilimanjaro_25c_1d_1H_1_031916.fid
Failed attempts: 0
Percent: 0.0093636200221
SSD: 0.0284221155844
Fit params: 3.13817079502 0.475577047035 -5.58151331558e-05 0.00229387900793 3.41152018215 -0.00293364928041 0.0023035642965 3.44424341378 -0.00288676896648 0.001644692064 3.27605394633 -1.57539815242e-05 0.00164873592812 3.3087206081 -1.59913447051e-05 0.00126654841065 3.54373048053 -1.13734703588e-05 0.00132627153762 3.57639067343 -1.18965308672e-05

Dataset: dc-919V_cdcl3_kilimanjaro_25c_1d_1H_1_031916.fid
Failed attempts: 0
Percent: 0.00924953993348
SSD: 0.0278470670011
Fit params: 3.14039787969 0.47611080699 -6.39161054904e-05 0.00229248366563 3.411517652 -0.00293344446779 0.00230262920874 3.4442408746 -0.00288629431226 0.00163284813402 3.27605220906 -1.56091713487e-05 0.00165373816557 3.30871893806 -1.5975036857e-05 0.00124480859234 3.54373002905 -1.10723881446e-05 0.00131071448907 3.576390538 -1.16758601241e-05

Dataset: dc-919V_cdcl3_kilimanjaro_25c_1d_1H_1_031916.fid
Failed attempts: 0
Percent: 0.00947328749479
SSD: 0.0281254927382
Fit params: 3.13928712084 0.476570631376 -5.17011736572e-05 0.00229351007531 3.41151891378 -0.00293479357457 0.00230281832791 3.44424212718 -0.00288738034359 0.00165173416964 3.27605193654 -1.58760847346e-05 0.00169019344184 3.30871867725 -1.63512834504e-05 0.00127851826361 3.54372951473 -1.14580857464e-05 0.00133322568173 3.57639010479 -1.19971709541e-05

Dataset: dc-919V_cdcl3_kilimanjaro_25c_1d_1H_1_031916.fid
Failed attempts: 0
Percent: 0.00964193102105
SSD: 0.0278713577218
Fit params: 3.14042432435 0.478089101388 -4.28764522714e-05 0.0022933089773 3.41151762181 -0.00293668978324 0.00230207440701 3.44424081237 -0.0028886249305 0.00170186189319 3.27605061319 -1.6369632785e-05 0.00172267906485 3.30871678129 -1.67363194696e-05 0.00129243776201 3.54372804134 -1.16060673568e-05 0.00133246578172 3.57638934106 -1.2002096631e-05

Dataset: dc-919V_cdcl3_kilimanjaro_25c_1d_1H_1_031916.fid
Failed attempts: 0
Percent: 0.00946738344828
SSD: 0.0273282591066
Fit params: 3.14232959469 0.476506277215 -5.31430186719e-05 0.00229381164075 3.41151550755 -0.00293528244117 0.00230208682831 3.44423868097 -0.0028864466349 0.00167509331681 3.27605013989 -1.60955673626e-05 0.00169805531146 3.30871619939 -1.64902456823e-05 0.00126009003736 3.54372803503 -1.12302296862e-05 0.00132087069887 3.57638819609 -1.18272955842e-05

