Dataset: dc-919V_cdcl3_kilimanjaro_25c_1d_1H_1_031916.fid
Failed attempts: 0
Percent: 0.0101399507042
SSD: 0.0249064429859
Fit params: 3.15092494067 0.481754296704 -8.41520914131e-06 0.00229254921464 3.41150580002 -0.00294246527805 0.00229885273742 3.44422887516 -0.00289012652557 0.00174552279115 3.27604056218 -1.75265396911e-05 0.00170124362717 3.30871766997 -1.75698944944e-05 0.00132400609647 3.54372055125 -1.19203326729e-05 0.00140278494265 3.57638092558 -1.27312686426e-05

Dataset: dc-919V_cdcl3_kilimanjaro_25c_1d_1H_1_031916.fid
Failed attempts: 0
Percent: 0.0100771435239
SSD: 0.0250603295016
Fit params: 3.15049604759 0.481339356904 -1.59779789575e-05 0.00229251296262 3.41150628226 -0.0029417211867 0.00229886714255 3.4442293623 -0.00288953871997 0.00175635032899 3.27604376805 -1.74465348638e-05 0.00175039939191 3.30870890031 -1.77350765696e-05 0.00131344175614 3.54372140121 -1.17716772912e-05 0.00137382651975 3.57638152065 -1.24073398541e-05

Dataset: dc-919V_cdcl3_kilimanjaro_25c_1d_1H_1_031916.fid
Failed attempts: 0
Percent: 0.00983685726938
SSD: 0.0249840547594
Fit params: 3.15067051352 0.480455356108 -2.09300941356e-05 0.00229274508289 3.41150611385 -0.00294080432526 0.00229982245816 3.44422919583 -0.00288904361228 0.0017483924075 3.276038785 -1.73156328348e-05 0.00160670097216 3.30873344872 -1.66956167563e-05 0.00130661572644 3.54372134317 -1.16607338218e-05 0.00136354342434 3.57638239191 -1.22451209398e-05

Dataset: dc-919V_cdcl3_kilimanjaro_25c_1d_1H_1_031916.fid
Failed attempts: 0
Percent: 0.0101073713351
SSD: 0.0248420347997
Fit params: 3.15101541342 0.481738602055 -6.45371401956e-06 0.00229257424813 3.41150569638 -0.00294252117769 0.00229892775756 3.44422877514 -0.00289020157598 0.00170585401138 3.27604766655 -1.73005438916e-05 0.00171149818368 3.30871745583 -1.76650945668e-05 0.00132979369239 3.54372042277 -1.19696246023e-05 0.0013924839863 3.57638096069 -1.26201806906e-05

Dataset: dc-919V_cdcl3_kilimanjaro_25c_1d_1H_1_031916.fid
Failed attempts: 0
Percent: 0.0101456161071
SSD: 0.0249306455562
Fit params: 3.15076210807 0.479474808317 -8.57505969258e-06 0.00229418570557 3.41150602787 -0.00294105040521 0.0022991286542 3.44422908357 -0.00288791768822 0.00176245662574 3.27604025513 -1.7589652524e-05 0.00171702316649 3.30871741328 -1.76296524026e-05 0.00132283822114 3.54372111188 -1.19060240539e-05 0.0013936639624 3.57638127963 -1.26192895602e-05

Dataset: dc-919V_cdcl3_kilimanjaro_25c_1d_1H_1_031916.fid
Failed attempts: 0
Percent: 0.009928567231
SSD: 0.0249474746956
Fit params: 3.15082768012 0.481418739285 -1.85511652718e-05 0.00229093005635 3.41150577677 -0.00294078099972 0.00229967925843 3.44422900599 -0.00289001745416 0.00170576390041 3.27605040261 -1.70969425562e-05 0.0017132076961 3.30871989036 -1.74709302774e-05 0.00130785122162 3.54372120683 -1.16990474985e-05 0.00135237754526 3.57638338614 -1.22050974877e-05

Dataset: dc-919V_cdcl3_kilimanjaro_25c_1d_1H_1_031916.fid
Failed attempts: 0
Percent: 0.0100227574148
SSD: 0.0249787511556
Fit params: 3.15077813268 0.481618075948 -1.57320079375e-05 0.00229196975537 3.41150593975 -0.00294171859664 0.00229926413716 3.44422905087 -0.00289005223354 0.00170695775219 3.27605053776 -1.71552981799e-05 0.00175050743993 3.30870868701 -1.77560644755e-05 0.00131095413318 3.54372112628 -1.17576969211e-05 0.00137096011538 3.57638134821 -1.23731302995e-05

Dataset: dc-919V_cdcl3_kilimanjaro_25c_1d_1H_1_031916.fid
Failed attempts: 0
Percent: 0.0103125210403
SSD: 0.0248427994693
Fit params: 3.15123349629 0.485729890133 4.34828957697e-06 0.00229104698196 3.41150539344 -0.00294617282629 0.00229622193486 3.44422843072 -0.00289298532544 0.00173657676058 3.27604709498 -1.76962477311e-05 0.00174408299703 3.308716975 -1.80764134023e-05 0.00134992807064 3.54371945417 -1.22348005688e-05 0.00139797585304 3.57638239023 -1.28364335448e-05

Dataset: dc-919V_cdcl3_kilimanjaro_25c_1d_1H_1_031916.fid
Failed attempts: 0
Percent: 0.0101039694562
SSD: 0.0248313639922
Fit params: 3.1509752019 0.481504146128 -7.38468496997e-06 0.00229309445445 3.41150572734 -0.00294258822775 0.00229813515982 3.44422880567 -0.00288943381851 0.00170681778801 3.27604766378 -1.72855041448e-05 0.00171262837695 3.30871742587 -1.76506188633e-05 0.00133211301811 3.54372150825 -1.19750209728e-05 0.00139206801096 3.5763811944 -1.26168981619e-05

Dataset: dc-919V_cdcl3_kilimanjaro_25c_1d_1H_1_031916.fid
Failed attempts: 0
Percent: 0.0101430204072
SSD: 0.0251027005033
Fit params: 3.15035816648 0.479564061256 -1.32229391725e-05 0.00229383941772 3.41150647539 -0.00294074019394 0.00229920922709 3.44422954048 -0.00288798198263 0.00177478387135 3.27604345548 -1.75765244071e-05 0.0017680997595 3.30870846508 -1.78616582797e-05 0.00131476897033 3.54372092041 -1.18085016998e-05 0.00138042752487 3.57638139437 -1.24799722957e-05

