Dataset: dc-0445_cdcl3_kilimanjaro_22c_1d_1H_1_031816.fid
Failed attempts: 0
Percent: 0.0107797713085
SSD: 0.0365740810061
Fit params: 2.82460399812 0.475807942765 -5.38675257297e-06 0.00264229271873 3.40314525453 -0.00334220961852 0.00263469654981 3.43587600506 -0.00326725127627 0.00215207510938 3.2676865835 -2.29907191927e-05 0.00209853366396 3.30034604052 -2.31321797531e-05 0.00138873022996 3.53536852531 -1.23631238148e-05 0.0014627391946 3.56802704265 -1.3538865987e-05

Dataset: dc-0445_cdcl3_kilimanjaro_22c_1d_1H_1_031816.fid
Failed attempts: 0
Percent: 0.0108362617706
SSD: 0.0363786563728
Fit params: 2.82438853213 0.477898942757 3.68973199052e-06 0.00264170652207 3.40314549609 -0.00334448929975 0.00263313276218 3.43587621269 -0.00326909686774 0.00200735756412 3.2676889371 -2.2141686025e-05 0.00221342437606 3.30035418171 -2.40836354251e-05 0.00140918216532 3.53536808558 -1.26197817856e-05 0.00146071665435 3.56802975898 -1.36065528286e-05

Dataset: dc-0445_cdcl3_kilimanjaro_22c_1d_1H_1_031816.fid
Failed attempts: 0
Percent: 0.0106636996359
SSD: 0.036373011344
Fit params: 2.82416916363 0.476290999914 -5.42035524464e-07 0.00264149070527 3.40314609718 -0.00334217222165 0.0026355350133 3.43587658272 -0.00326859041717 0.00192671879527 3.26767896696 -2.14537280822e-05 0.00219275666677 3.30035434387 -2.38383363452e-05 0.00138675989275 3.5353680769 -1.24365837391e-05 0.00145858606693 3.56803045078 -1.35263812089e-05

Dataset: dc-0445_cdcl3_kilimanjaro_22c_1d_1H_1_031816.fid
Failed attempts: 0
Percent: 0.0106052525148
SSD: 0.0364583779059
Fit params: 2.82460674869 0.47518586432 -8.91415469273e-06 0.00264281437745 3.40314526866 -0.00334192534349 0.00263490188964 3.43587601425 -0.00326652479749 0.00204605836976 3.26767567003 -2.21956592854e-05 0.00206423375248 3.30036920036 -2.28032416482e-05 0.00138440870679 3.53536793993 -1.22916561741e-05 0.00146673664452 3.56802751546 -1.35449538498e-05

Dataset: dc-0445_cdcl3_kilimanjaro_22c_1d_1H_1_031816.fid
Failed attempts: 0
Percent: 0.0105365724503
SSD: 0.0364037580416
Fit params: 2.82433402166 0.473540126402 -1.05718569934e-05 0.00264179904855 3.40314555952 -0.003338786892 0.00263467249004 3.43587632061 -0.00326442709676 0.00209051941071 3.26768286031 -2.2335438821e-05 0.00201720221999 3.30036172773 -2.23820687379e-05 0.0013864127659 3.53536806071 -1.22815376528e-05 0.00144208959562 3.56802875852 -1.3317088422e-05

